0,408
0,407
0,405
49,35
3,2
3,1
3,3
10,229
10,179
10,129
10,283
10,285
10,291
10,245
10,107
11,10
11,17
11,26
11,25
9,5
8,5
8,17
8,15
8,14
8,16
8,10
8,2
8,3
0,318
12,2
37,264
37,263
37,262
37,261
37,260
37,259
37,258
37,257
37,256
37,255
37,254
37,253
37,252
37,251
37,250
37,249
37,229
37,228
37,227
37,226
37,225
20,2
20,1
37,224
37,223
37,222
37,221
37,220
37,219
37,218
37,217
37,216
37,215
37,214
37,213
37,212
37,211
37,210
37,209
20,3
37,208
37,207
37,206
37,205
37,204
37,203
37,202
37,201
19,1
19,3
37,200
37,199
37,198
37,197
37,196
37,195
37,194
37,193
37,192
37,191
37,190
37,189
37,188
37,187
37,186
37,185
37,184
37,183
37,182
37,181
37,180
37,179
37,178
37,177
37,176
37,175
37,174
37,173
37,172
37,171
37,170
37,169
37,168
37,167
37,166
37,165
37,164
37,163
37,162
37,161
37,160
37,159
37,158
37,157
37,156
37,155
37,154
37,153
37,3
37,1
35,144
35,143
35,142
35,128
35,8
35,5
35,4
35,3
35,1
19,2
14,4
12,3
12,1
11,15
11,14
11,8
11,7
11,1
